total_steps: 7
top_1_accuracy = 0.81
top_5_accuracy = 0.96
precision = 0.805
recall = 0.81
f1 = 0.8066666666666668
mAP = 0.98725
